1) Get all elements that are not on the m) ,n) and o)

m)	0000 0111	7		
		0000 0011	3
		0000 0101   5
		0000 0001	1		
		0000 0110	6	  	
		0000 0010	2			
		0000 0100	4
		0000 1000  8
		
		 
		 
	n)	0111 0111 119 		
		0011 0011 51
		0101 0101 85
		0001 0001 17
		0110 0110 102
		0010 0010 34 
		0100 0100 68 
		0000 1000 8						
		
o)		0111 0000 112					
		0011 0000 48
		0101 0000 80
		0001 0000 16					
		0110 0000 96					
		0010 0000 32					
		0100 0000 64				
		1000 0000 128						
b) Get combinations