
Using 5 bits

Started printing at 0
Number of elems printed 32
00000000 (0)	
00000001 (1)	
00000010 (2)	
00000011 (3)	
00000100 (4)	
00000101 (5)	
00000110 (6)	
00000111 (7)	
00001000 (8)	
00001001 (9)	
00001010 (10)	
00001011 (11)	
00001100 (12)	
00001101 (13)	
00001110 (14)	
00001111 (15)	
00010000 (16)	
00010001 (17)	
00010010 (18)	
00010011 (19)	
00010100 (20)	
00010101 (21)	
00010110 (22)	
00010111 (23)	
00011000 (24)	
00011001 (25)	
00011010 (26)	
00011011 (27)	
00011100 (28)	
00011101 (29)	
00011110 (30)	
00011111 (31)	
 } 
